   3.3997202e+04
   3.4817779e+03
   1.5928184e+04
   6.0000000e+04
   5.8697349e+04
   2.2785303e+04
   6.0000000e+04
   9.5535300e+03
   1.9365740e+04
   1.8212650e+04
   2.3533328e+04
   2.0711594e+04
   2.7906476e+04
   5.6680050e+04
   3.0576695e+04
   5.4590511e+04
   3.2544948e+04
   5.1390121e+04
   2.8172091e+04
   6.0000000e+04
   1.7135233e+04
   4.7768356e+04
   3.4126414e+04
   2.9300035e+04
   5.0775759e+04
   6.0000000e+04
   2.3628535e+04
   4.8910067e+04
   2.9144161e+04
   2.1599657e+03
   8.2268016e+03
   7.8111822e+03
   1.5490196e+04
   7.0101705e+03
   6.3091038e+03
   5.8902814e+02
   3.6723094e+03
   6.0000000e+04
   5.9641120e+03
   3.5367394e+04
   4.0240242e+04
   2.7062498e+04
   1.7749121e+04
   1.4074850e+04
   6.0000000e+04
   8.4323778e+02
   2.6652166e+04
   9.7858519e+03
   1.2316403e+04
   4.5666823e+04
   5.0271733e+04
   9.4503961e+03
   4.4093298e+03
   2.8116212e+04
   6.0000000e+04
   2.7374337e+03
   3.0900082e+04
   2.6531978e+04
   5.0858095e+04
   1.6033563e+04
   4.6760851e+03
   7.0837782e+03
   6.0000000e+04
   2.0807187e+03
   2.0797347e+04
   3.0296869e+04
   2.1794531e+04
   1.9894571e+04
   1.6112790e+02
   8.4946324e+03
   3.0168423e+04
   1.4761437e+04
   2.6052791e+04
   6.0000000e+04
   1.8772849e+04
   3.2296934e+04
   6.0000000e+04
   1.5152632e+04
   2.4426091e+03
   3.8043168e+04
