   1.4444954e+00
   4.7881865e+00
   3.0610060e+01
   8.4660634e+00
   4.7821900e+00
   3.4616896e+01
   2.6737998e+00
   1.3295244e+01
   2.3822140e+00
   3.7035076e+00
   8.1248248e+00
   3.7340949e+00
   5.3104975e+00
   8.8828097e-01
   5.2519700e+00
   3.9884209e+00
   5.9586234e+00
   2.7445356e+00
   1.7285719e+01
   2.4871245e+00
   1.0404819e+00
   5.2458254e+00
   3.0794576e+00
   6.6490176e+00
   2.2914483e-01
   8.0586724e+00
   3.7893564e+00
   1.0829272e+01
   3.0695120e+00
   1.0537096e+00
   1.1341669e+01
   1.5579888e+01
   1.5352028e+00
   6.1181741e+00
   8.6736049e+00
   5.4926382e-01
   6.3101584e+00
   5.6374647e+00
   2.4649187e+01
   1.7031240e+01
   4.9598223e+00
   2.3234857e+01
   9.6179028e+00
   7.7811071e+00
   3.9675504e+00
   1.5503731e+00
   1.3590752e+01
   1.9172379e+00
   9.3337378e+00
   2.0752029e+00
   7.1109156e-01
   1.1888149e+01
   7.1035130e-02
   9.3317052e+00
   9.7156729e-01
   2.9265599e+00
   2.3272808e+01
   1.2803079e+01
   1.2144399e+00
   3.3149565e+00
   1.0885119e+00
   2.5865309e+00
   1.9093082e+01
   3.0546057e+01
   1.3627835e+01
   1.0294919e+01
   3.1641189e+00
   4.4902894e+00
   7.7975702e+00
   1.0055811e+01
